dp: 2146 10069.0 17.225069897483692
fafg: 2146 10069.0 43.94967381174278
